# wavelength (nm)	power (dB)	power uncertainty (dB)
6.198289999999999509e+02 -6.717000000000000171e+01 0.000000000000000000e+00
6.200879999999999654e+02 -6.681000000000000227e+01 0.000000000000000000e+00
6.203479999999999563e+02 -6.665000000000000568e+01 0.000000000000000000e+00
6.206069999999999709e+02 -8.000000000000000000e+01 0.000000000000000000e+00
6.208669999999999618e+02 -8.000000000000000000e+01 0.000000000000000000e+00
6.211259999999999764e+02 -6.984999999999999432e+01 0.000000000000000000e+00
6.213859999999999673e+02 -8.000000000000000000e+01 0.000000000000000000e+00
6.216449999999999818e+02 -6.921999999999999886e+01 0.000000000000000000e+00
6.219049999999999727e+02 -6.565999999999999659e+01 0.000000000000000000e+00
6.221649999999999636e+02 -6.568000000000000682e+01 0.000000000000000000e+00
6.224239999999999782e+02 -7.171999999999999886e+01 0.000000000000000000e+00
6.226839999999999691e+02 -6.659999999999999432e+01 0.000000000000000000e+00
6.229429999999999836e+02 -6.659999999999999432e+01 0.000000000000000000e+00
6.232029999999999745e+02 -6.612000000000000455e+01 0.000000000000000000e+00
6.234619999999999891e+02 -8.000000000000000000e+01 0.000000000000000000e+00
6.237219999999999800e+02 -6.931000000000000227e+01 0.000000000000000000e+00
6.239809999999999945e+02 -6.715999999999999659e+01 0.000000000000000000e+00
6.242409999999999854e+02 -6.681000000000000227e+01 0.000000000000000000e+00
6.245000000000000000e+02 -8.000000000000000000e+01 0.000000000000000000e+00
6.247599999999999909e+02 -7.479000000000000625e+01 0.000000000000000000e+00
6.250190000000000055e+02 -6.739000000000000057e+01 0.000000000000000000e+00
6.252789999999999964e+02 -6.606000000000000227e+01 0.000000000000000000e+00
6.255380000000000109e+02 -6.685999999999999943e+01 0.000000000000000000e+00
6.257980000000000018e+02 -6.440999999999999659e+01 0.000000000000000000e+00
6.260570000000000164e+02 -6.743000000000000682e+01 0.000000000000000000e+00
6.263170000000000073e+02 -6.640999999999999659e+01 0.000000000000000000e+00
6.265760000000000218e+02 -6.626000000000000512e+01 0.000000000000000000e+00
6.268360000000000127e+02 -8.000000000000000000e+01 0.000000000000000000e+00
6.270950000000000273e+02 -8.000000000000000000e+01 0.000000000000000000e+00
6.273550000000000182e+02 -7.615000000000000568e+01 0.000000000000000000e+00
6.276140000000000327e+02 -6.645999999999999375e+01 0.000000000000000000e+00
6.278740000000000236e+02 -6.537000000000000455e+01 0.000000000000000000e+00
6.281330000000000382e+02 -6.460999999999999943e+01 0.000000000000000000e+00
6.283930000000000291e+02 -6.539000000000000057e+01 0.000000000000000000e+00
6.286520000000000437e+02 -7.095999999999999375e+01 0.000000000000000000e+00
6.289120000000000346e+02 -7.493999999999999773e+01 0.000000000000000000e+00
6.291710000000000491e+02 -6.981999999999999318e+01 0.000000000000000000e+00
6.294310000000000400e+02 -8.000000000000000000e+01 0.000000000000000000e+00
6.296910000000000309e+02 -6.653000000000000114e+01 0.000000000000000000e+00
6.299500000000000455e+02 -6.598000000000000398e+01 0.000000000000000000e+00
6.302100000000000364e+02 -7.153000000000000114e+01 0.000000000000000000e+00
6.304690000000000509e+02 -7.204999999999999716e+01 0.000000000000000000e+00
6.307290000000000418e+02 -7.109000000000000341e+01 0.000000000000000000e+00
6.309880000000000564e+02 -6.646999999999999886e+01 0.000000000000000000e+00
6.312480000000000473e+02 -6.906999999999999318e+01 0.000000000000000000e+00
6.315069999999999482e+02 -6.751000000000000512e+01 0.000000000000000000e+00
6.317670000000000528e+02 -7.000000000000000000e+01 0.000000000000000000e+00
6.320259999999999536e+02 -6.859000000000000341e+01 0.000000000000000000e+00
6.322859999999999445e+02 -7.271999999999999886e+01 0.000000000000000000e+00
6.325449999999999591e+02 -8.000000000000000000e+01 0.000000000000000000e+00
6.328049999999999500e+02 -8.000000000000000000e+01 0.000000000000000000e+00
6.330639999999999645e+02 -8.000000000000000000e+01 0.000000000000000000e+00
6.333239999999999554e+02 -6.550000000000000000e+01 0.000000000000000000e+00
6.335829999999999700e+02 -7.006000000000000227e+01 0.000000000000000000e+00
6.338429999999999609e+02 -6.918000000000000682e+01 0.000000000000000000e+00
6.341019999999999754e+02 -6.893000000000000682e+01 0.000000000000000000e+00
6.343619999999999663e+02 -8.000000000000000000e+01 0.000000000000000000e+00
6.346209999999999809e+02 -7.826000000000000512e+01 0.000000000000000000e+00
6.348809999999999718e+02 -6.681000000000000227e+01 0.000000000000000000e+00
6.351399999999999864e+02 -7.651999999999999602e+01 0.000000000000000000e+00
6.353999999999999773e+02 -8.000000000000000000e+01 0.000000000000000000e+00
6.356589999999999918e+02 -8.000000000000000000e+01 0.000000000000000000e+00
6.359189999999999827e+02 -7.432999999999999829e+01 0.000000000000000000e+00
6.361779999999999973e+02 -6.734999999999999432e+01 0.000000000000000000e+00
6.364379999999999882e+02 -6.834000000000000341e+01 0.000000000000000000e+00
6.366970000000000027e+02 -6.278999999999999915e+01 0.000000000000000000e+00
6.369569999999999936e+02 -7.137999999999999545e+01 0.000000000000000000e+00
6.372169999999999845e+02 -8.000000000000000000e+01 0.000000000000000000e+00
6.374759999999999991e+02 -6.664000000000000057e+01 0.000000000000000000e+00
6.377359999999999900e+02 -8.000000000000000000e+01 0.000000000000000000e+00
6.379950000000000045e+02 -6.539000000000000057e+01 0.000000000000000000e+00
6.382549999999999955e+02 -7.442000000000000171e+01 0.000000000000000000e+00
6.385140000000000100e+02 -8.000000000000000000e+01 0.000000000000000000e+00
6.387740000000000009e+02 -6.912999999999999545e+01 0.000000000000000000e+00
6.390330000000000155e+02 -8.000000000000000000e+01 0.000000000000000000e+00
6.392930000000000064e+02 -7.370000000000000284e+01 0.000000000000000000e+00
6.395520000000000209e+02 -6.496999999999999886e+01 0.000000000000000000e+00
6.398120000000000118e+02 -8.000000000000000000e+01 0.000000000000000000e+00
6.400710000000000264e+02 -8.000000000000000000e+01 0.000000000000000000e+00
6.403310000000000173e+02 -8.000000000000000000e+01 0.000000000000000000e+00
6.405900000000000318e+02 -8.000000000000000000e+01 0.000000000000000000e+00
6.408500000000000227e+02 -6.743000000000000682e+01 0.000000000000000000e+00
6.411090000000000373e+02 -6.695000000000000284e+01 0.000000000000000000e+00
6.413690000000000282e+02 -7.254999999999999716e+01 0.000000000000000000e+00
6.416280000000000427e+02 -8.000000000000000000e+01 0.000000000000000000e+00
6.418880000000000337e+02 -6.765000000000000568e+01 0.000000000000000000e+00
6.421470000000000482e+02 -8.000000000000000000e+01 0.000000000000000000e+00
6.424070000000000391e+02 -6.964000000000000057e+01 0.000000000000000000e+00
6.426660000000000537e+02 -7.168000000000000682e+01 0.000000000000000000e+00
6.429260000000000446e+02 -6.662999999999999545e+01 0.000000000000000000e+00
6.431849999999999454e+02 -7.089000000000000057e+01 0.000000000000000000e+00
6.434450000000000500e+02 -6.704999999999999716e+01 0.000000000000000000e+00
6.437039999999999509e+02 -6.868999999999999773e+01 0.000000000000000000e+00
6.439640000000000555e+02 -6.651999999999999602e+01 0.000000000000000000e+00
6.442240000000000464e+02 -7.218000000000000682e+01 0.000000000000000000e+00
6.444829999999999472e+02 -6.726999999999999602e+01 0.000000000000000000e+00
6.447430000000000518e+02 -6.512999999999999545e+01 0.000000000000000000e+00
6.450019999999999527e+02 -6.421999999999999886e+01 0.000000000000000000e+00
6.452619999999999436e+02 -6.515999999999999659e+01 0.000000000000000000e+00
6.455209999999999582e+02 -6.374000000000000199e+01 0.000000000000000000e+00
6.457809999999999491e+02 -6.623999999999999488e+01 0.000000000000000000e+00
6.460399999999999636e+02 -7.181999999999999318e+01 0.000000000000000000e+00
6.462999999999999545e+02 -7.104000000000000625e+01 0.000000000000000000e+00
6.465589999999999691e+02 -6.548000000000000398e+01 0.000000000000000000e+00
6.468189999999999600e+02 -6.704000000000000625e+01 0.000000000000000000e+00
6.470779999999999745e+02 -6.975000000000000000e+01 0.000000000000000000e+00
6.473379999999999654e+02 -8.000000000000000000e+01 0.000000000000000000e+00
6.475969999999999800e+02 -7.581000000000000227e+01 0.000000000000000000e+00
6.478569999999999709e+02 -8.000000000000000000e+01 0.000000000000000000e+00
6.481159999999999854e+02 -6.987000000000000455e+01 0.000000000000000000e+00
6.483759999999999764e+02 -8.000000000000000000e+01 0.000000000000000000e+00
6.486349999999999909e+02 -8.000000000000000000e+01 0.000000000000000000e+00
6.488949999999999818e+02 -7.895000000000000284e+01 0.000000000000000000e+00
6.491539999999999964e+02 -7.720000000000000284e+01 0.000000000000000000e+00
6.494139999999999873e+02 -8.000000000000000000e+01 0.000000000000000000e+00
6.496730000000000018e+02 -6.942000000000000171e+01 0.000000000000000000e+00
6.499329999999999927e+02 -7.420000000000000284e+01 0.000000000000000000e+00
6.501920000000000073e+02 -6.665999999999999659e+01 0.000000000000000000e+00
6.504519999999999982e+02 -6.753000000000000114e+01 0.000000000000000000e+00
6.507110000000000127e+02 -8.000000000000000000e+01 0.000000000000000000e+00
6.509710000000000036e+02 -8.000000000000000000e+01 0.000000000000000000e+00
6.512300000000000182e+02 -6.973000000000000398e+01 0.000000000000000000e+00
6.514900000000000091e+02 -6.807999999999999829e+01 0.000000000000000000e+00
6.517500000000000000e+02 -7.906999999999999318e+01 0.000000000000000000e+00
6.520090000000000146e+02 -7.095999999999999375e+01 0.000000000000000000e+00
6.522690000000000055e+02 -6.734000000000000341e+01 0.000000000000000000e+00
6.525280000000000200e+02 -6.765999999999999659e+01 0.000000000000000000e+00
6.527880000000000109e+02 -6.935999999999999943e+01 0.000000000000000000e+00
6.530470000000000255e+02 -6.603000000000000114e+01 0.000000000000000000e+00
6.533070000000000164e+02 -7.071999999999999886e+01 0.000000000000000000e+00
6.535660000000000309e+02 -8.000000000000000000e+01 0.000000000000000000e+00
6.538260000000000218e+02 -7.220999999999999375e+01 0.000000000000000000e+00
6.540850000000000364e+02 -8.000000000000000000e+01 0.000000000000000000e+00
6.543450000000000273e+02 -7.145999999999999375e+01 0.000000000000000000e+00
6.546040000000000418e+02 -7.623999999999999488e+01 0.000000000000000000e+00
6.548640000000000327e+02 -6.848000000000000398e+01 0.000000000000000000e+00
6.551230000000000473e+02 -7.229999999999999716e+01 0.000000000000000000e+00
6.553830000000000382e+02 -7.117000000000000171e+01 0.000000000000000000e+00
6.556420000000000528e+02 -8.000000000000000000e+01 0.000000000000000000e+00
6.559020000000000437e+02 -8.000000000000000000e+01 0.000000000000000000e+00
6.561609999999999445e+02 -8.000000000000000000e+01 0.000000000000000000e+00
6.564210000000000491e+02 -7.760999999999999943e+01 0.000000000000000000e+00
6.566799999999999500e+02 -6.918000000000000682e+01 0.000000000000000000e+00
6.569400000000000546e+02 -7.037000000000000455e+01 0.000000000000000000e+00
6.571989999999999554e+02 -8.000000000000000000e+01 0.000000000000000000e+00
6.574589999999999463e+02 -8.000000000000000000e+01 0.000000000000000000e+00
6.577179999999999609e+02 -8.000000000000000000e+01 0.000000000000000000e+00
6.579779999999999518e+02 -6.992000000000000171e+01 0.000000000000000000e+00
6.582369999999999663e+02 -8.000000000000000000e+01 0.000000000000000000e+00
6.584969999999999573e+02 -6.929999999999999716e+01 0.000000000000000000e+00
6.587569999999999482e+02 -7.173999999999999488e+01 0.000000000000000000e+00
6.590159999999999627e+02 -6.448999999999999488e+01 0.000000000000000000e+00
6.592759999999999536e+02 -7.479000000000000625e+01 0.000000000000000000e+00
6.595349999999999682e+02 -7.001999999999999602e+01 0.000000000000000000e+00
6.597949999999999591e+02 -8.000000000000000000e+01 0.000000000000000000e+00
6.600539999999999736e+02 -8.000000000000000000e+01 0.000000000000000000e+00
6.603139999999999645e+02 -8.000000000000000000e+01 0.000000000000000000e+00
6.605729999999999791e+02 -7.487000000000000455e+01 0.000000000000000000e+00
6.608329999999999700e+02 -8.000000000000000000e+01 0.000000000000000000e+00
6.610919999999999845e+02 -7.121999999999999886e+01 0.000000000000000000e+00
6.613519999999999754e+02 -7.270000000000000284e+01 0.000000000000000000e+00
6.616109999999999900e+02 -7.571999999999999886e+01 0.000000000000000000e+00
6.618709999999999809e+02 -8.000000000000000000e+01 0.000000000000000000e+00
6.621299999999999955e+02 -6.781999999999999318e+01 0.000000000000000000e+00
6.623899999999999864e+02 -6.756000000000000227e+01 0.000000000000000000e+00
6.626490000000000009e+02 -8.000000000000000000e+01 0.000000000000000000e+00
6.629089999999999918e+02 -6.862999999999999545e+01 0.000000000000000000e+00
6.631680000000000064e+02 -7.979000000000000625e+01 0.000000000000000000e+00
6.634279999999999973e+02 -8.000000000000000000e+01 0.000000000000000000e+00
6.636870000000000118e+02 -7.079000000000000625e+01 0.000000000000000000e+00
6.639470000000000027e+02 -6.671999999999999886e+01 0.000000000000000000e+00
6.642060000000000173e+02 -6.767000000000000171e+01 0.000000000000000000e+00
6.644660000000000082e+02 -6.825000000000000000e+01 0.000000000000000000e+00
6.647250000000000227e+02 -6.784000000000000341e+01 0.000000000000000000e+00
6.649850000000000136e+02 -6.637999999999999545e+01 0.000000000000000000e+00
6.652440000000000282e+02 -7.389000000000000057e+01 0.000000000000000000e+00
6.655040000000000191e+02 -7.251999999999999602e+01 0.000000000000000000e+00
6.657630000000000337e+02 -7.064000000000000057e+01 0.000000000000000000e+00
6.660230000000000246e+02 -8.000000000000000000e+01 0.000000000000000000e+00
6.662830000000000155e+02 -6.793999999999999773e+01 0.000000000000000000e+00
6.665420000000000300e+02 -8.000000000000000000e+01 0.000000000000000000e+00
6.668020000000000209e+02 -7.346999999999999886e+01 0.000000000000000000e+00
6.670610000000000355e+02 -6.648999999999999488e+01 0.000000000000000000e+00
6.673210000000000264e+02 -6.840999999999999659e+01 0.000000000000000000e+00
6.675800000000000409e+02 -8.000000000000000000e+01 0.000000000000000000e+00
6.678400000000000318e+02 -7.103000000000000114e+01 0.000000000000000000e+00
6.680990000000000464e+02 -7.462999999999999545e+01 0.000000000000000000e+00
6.683590000000000373e+02 -7.531999999999999318e+01 0.000000000000000000e+00
6.686180000000000518e+02 -8.000000000000000000e+01 0.000000000000000000e+00
6.688780000000000427e+02 -7.835999999999999943e+01 0.000000000000000000e+00
6.691369999999999436e+02 -8.000000000000000000e+01 0.000000000000000000e+00
6.693970000000000482e+02 -7.362000000000000455e+01 0.000000000000000000e+00
6.696559999999999491e+02 -7.540000000000000568e+01 0.000000000000000000e+00
6.699160000000000537e+02 -8.000000000000000000e+01 0.000000000000000000e+00
6.701749999999999545e+02 -7.476000000000000512e+01 0.000000000000000000e+00
6.704349999999999454e+02 -6.559000000000000341e+01 0.000000000000000000e+00
6.706939999999999600e+02 -6.893000000000000682e+01 0.000000000000000000e+00
6.709539999999999509e+02 -8.000000000000000000e+01 0.000000000000000000e+00
6.712129999999999654e+02 -7.375000000000000000e+01 0.000000000000000000e+00
6.714729999999999563e+02 -6.582999999999999829e+01 0.000000000000000000e+00
6.717319999999999709e+02 -6.670000000000000284e+01 0.000000000000000000e+00
6.719919999999999618e+02 -8.000000000000000000e+01 0.000000000000000000e+00
6.722509999999999764e+02 -7.223000000000000398e+01 0.000000000000000000e+00
6.725109999999999673e+02 -7.339000000000000057e+01 0.000000000000000000e+00
6.727699999999999818e+02 -6.687999999999999545e+01 0.000000000000000000e+00
6.730299999999999727e+02 -6.690999999999999659e+01 0.000000000000000000e+00
6.732889999999999873e+02 -7.200000000000000000e+01 0.000000000000000000e+00
6.735489999999999782e+02 -8.000000000000000000e+01 0.000000000000000000e+00
6.738089999999999691e+02 -8.000000000000000000e+01 0.000000000000000000e+00
6.740679999999999836e+02 -6.875000000000000000e+01 0.000000000000000000e+00
6.743279999999999745e+02 -6.629000000000000625e+01 0.000000000000000000e+00
6.745869999999999891e+02 -8.000000000000000000e+01 0.000000000000000000e+00
6.748469999999999800e+02 -8.000000000000000000e+01 0.000000000000000000e+00
6.751059999999999945e+02 -8.000000000000000000e+01 0.000000000000000000e+00
6.753659999999999854e+02 -6.781999999999999318e+01 0.000000000000000000e+00
6.756250000000000000e+02 -7.159999999999999432e+01 0.000000000000000000e+00
6.758849999999999909e+02 -7.087000000000000455e+01 0.000000000000000000e+00
6.761440000000000055e+02 -7.326000000000000512e+01 0.000000000000000000e+00
6.764039999999999964e+02 -6.746999999999999886e+01 0.000000000000000000e+00
6.766630000000000109e+02 -7.770999999999999375e+01 0.000000000000000000e+00
6.769230000000000018e+02 -6.806999999999999318e+01 0.000000000000000000e+00
6.771820000000000164e+02 -7.173999999999999488e+01 0.000000000000000000e+00
6.774420000000000073e+02 -6.932999999999999829e+01 0.000000000000000000e+00
6.777010000000000218e+02 -7.682999999999999829e+01 0.000000000000000000e+00
6.779610000000000127e+02 -6.879000000000000625e+01 0.000000000000000000e+00
6.782200000000000273e+02 -8.000000000000000000e+01 0.000000000000000000e+00
6.784800000000000182e+02 -7.184000000000000341e+01 0.000000000000000000e+00
6.787390000000000327e+02 -8.000000000000000000e+01 0.000000000000000000e+00
6.789990000000000236e+02 -7.090999999999999659e+01 0.000000000000000000e+00
6.792580000000000382e+02 -6.731000000000000227e+01 0.000000000000000000e+00
6.795180000000000291e+02 -6.948999999999999488e+01 0.000000000000000000e+00
6.797770000000000437e+02 -6.893000000000000682e+01 0.000000000000000000e+00
6.800370000000000346e+02 -7.057999999999999829e+01 0.000000000000000000e+00
6.802960000000000491e+02 -6.940000000000000568e+01 0.000000000000000000e+00
6.805560000000000400e+02 -7.323999999999999488e+01 0.000000000000000000e+00
6.808160000000000309e+02 -8.000000000000000000e+01 0.000000000000000000e+00
6.810750000000000455e+02 -6.884000000000000341e+01 0.000000000000000000e+00
6.813350000000000364e+02 -8.000000000000000000e+01 0.000000000000000000e+00
6.815940000000000509e+02 -7.198000000000000398e+01 0.000000000000000000e+00
6.818540000000000418e+02 -8.000000000000000000e+01 0.000000000000000000e+00
6.821130000000000564e+02 -8.000000000000000000e+01 0.000000000000000000e+00
6.823730000000000473e+02 -7.287000000000000455e+01 0.000000000000000000e+00
6.826319999999999482e+02 -7.100000000000000000e+01 0.000000000000000000e+00
6.828920000000000528e+02 -7.357999999999999829e+01 0.000000000000000000e+00
6.831509999999999536e+02 -7.445999999999999375e+01 0.000000000000000000e+00
6.834109999999999445e+02 -8.000000000000000000e+01 0.000000000000000000e+00
6.836699999999999591e+02 -7.445000000000000284e+01 0.000000000000000000e+00
6.839299999999999500e+02 -8.000000000000000000e+01 0.000000000000000000e+00
6.841889999999999645e+02 -8.000000000000000000e+01 0.000000000000000000e+00
6.844489999999999554e+02 -7.620000000000000284e+01 0.000000000000000000e+00
6.847079999999999700e+02 -7.096999999999999886e+01 0.000000000000000000e+00
6.849679999999999609e+02 -7.054999999999999716e+01 0.000000000000000000e+00
6.852269999999999754e+02 -7.795999999999999375e+01 0.000000000000000000e+00
6.854869999999999663e+02 -6.671999999999999886e+01 0.000000000000000000e+00
6.857459999999999809e+02 -6.892000000000000171e+01 0.000000000000000000e+00
6.860059999999999718e+02 -6.981999999999999318e+01 0.000000000000000000e+00
6.862649999999999864e+02 -6.892000000000000171e+01 0.000000000000000000e+00
6.865249999999999773e+02 -7.618000000000000682e+01 0.000000000000000000e+00
6.867839999999999918e+02 -7.250000000000000000e+01 0.000000000000000000e+00
6.870439999999999827e+02 -8.000000000000000000e+01 0.000000000000000000e+00
6.873029999999999973e+02 -7.492000000000000171e+01 0.000000000000000000e+00
6.875629999999999882e+02 -6.826999999999999602e+01 0.000000000000000000e+00
6.878220000000000027e+02 -6.407999999999999829e+01 0.000000000000000000e+00
6.880819999999999936e+02 -5.592999999999999972e+01 0.000000000000000000e+00
6.883419999999999845e+02 -5.004999999999999716e+01 0.000000000000000000e+00
6.886009999999999991e+02 -4.595000000000000284e+01 0.000000000000000000e+00
6.888609999999999900e+02 -4.329999999999999716e+01 0.000000000000000000e+00
6.891200000000000045e+02 -4.146000000000000085e+01 0.000000000000000000e+00
6.893799999999999955e+02 -4.015999999999999659e+01 0.000000000000000000e+00
6.896390000000000100e+02 -3.907000000000000028e+01 0.000000000000000000e+00
6.898990000000000009e+02 -3.839999999999999858e+01 0.000000000000000000e+00
6.901580000000000155e+02 -3.778999999999999915e+01 0.000000000000000000e+00
6.904180000000000064e+02 -3.729999999999999716e+01 0.000000000000000000e+00
6.906770000000000209e+02 -3.696000000000000085e+01 0.000000000000000000e+00
6.909370000000000118e+02 -3.682999999999999829e+01 0.000000000000000000e+00
6.911960000000000264e+02 -3.686999999999999744e+01 0.000000000000000000e+00
6.914560000000000173e+02 -3.702000000000000313e+01 0.000000000000000000e+00
6.917150000000000318e+02 -3.721000000000000085e+01 0.000000000000000000e+00
6.919750000000000227e+02 -3.739000000000000057e+01 0.000000000000000000e+00
6.922340000000000373e+02 -3.760000000000000142e+01 0.000000000000000000e+00
6.924940000000000282e+02 -3.778999999999999915e+01 0.000000000000000000e+00
6.927530000000000427e+02 -3.800999999999999801e+01 0.000000000000000000e+00
6.930130000000000337e+02 -3.822999999999999687e+01 0.000000000000000000e+00
6.932720000000000482e+02 -3.843999999999999773e+01 0.000000000000000000e+00
6.935320000000000391e+02 -3.864000000000000057e+01 0.000000000000000000e+00
6.937910000000000537e+02 -3.882999999999999829e+01 0.000000000000000000e+00
6.940510000000000446e+02 -3.903000000000000114e+01 0.000000000000000000e+00
6.943099999999999454e+02 -3.922999999999999687e+01 0.000000000000000000e+00
6.945700000000000500e+02 -3.946000000000000085e+01 0.000000000000000000e+00
6.948289999999999509e+02 -3.967000000000000171e+01 0.000000000000000000e+00
6.950890000000000555e+02 -3.989000000000000057e+01 0.000000000000000000e+00
6.953479999999999563e+02 -4.010000000000000142e+01 0.000000000000000000e+00
6.956079999999999472e+02 -4.035000000000000142e+01 0.000000000000000000e+00
6.958680000000000518e+02 -4.059000000000000341e+01 0.000000000000000000e+00
6.961269999999999527e+02 -4.082999999999999829e+01 0.000000000000000000e+00
6.963869999999999436e+02 -4.107999999999999829e+01 0.000000000000000000e+00
6.966459999999999582e+02 -4.132999999999999829e+01 0.000000000000000000e+00
6.969059999999999491e+02 -4.156000000000000227e+01 0.000000000000000000e+00
6.971649999999999636e+02 -4.185999999999999943e+01 0.000000000000000000e+00
6.974249999999999545e+02 -4.207000000000000028e+01 0.000000000000000000e+00
6.976839999999999691e+02 -4.229999999999999716e+01 0.000000000000000000e+00
6.979439999999999600e+02 -4.254999999999999716e+01 0.000000000000000000e+00
6.982029999999999745e+02 -4.278000000000000114e+01 0.000000000000000000e+00
6.984629999999999654e+02 -4.302000000000000313e+01 0.000000000000000000e+00
6.987219999999999800e+02 -4.324000000000000199e+01 0.000000000000000000e+00
6.989819999999999709e+02 -4.346000000000000085e+01 0.000000000000000000e+00
6.992409999999999854e+02 -4.370000000000000284e+01 0.000000000000000000e+00
6.995009999999999764e+02 -4.389999999999999858e+01 0.000000000000000000e+00
6.997599999999999909e+02 -4.414000000000000057e+01 0.000000000000000000e+00
7.000199999999999818e+02 -4.435999999999999943e+01 0.000000000000000000e+00
7.002789999999999964e+02 -4.460000000000000142e+01 0.000000000000000000e+00
7.005389999999999873e+02 -4.484000000000000341e+01 0.000000000000000000e+00
7.007980000000000018e+02 -4.507000000000000028e+01 0.000000000000000000e+00
7.010579999999999927e+02 -4.531000000000000227e+01 0.000000000000000000e+00
7.013170000000000073e+02 -4.557000000000000028e+01 0.000000000000000000e+00
7.015769999999999982e+02 -4.578000000000000114e+01 0.000000000000000000e+00
7.018360000000000127e+02 -4.602000000000000313e+01 0.000000000000000000e+00
7.020960000000000036e+02 -4.625000000000000000e+01 0.000000000000000000e+00
7.023550000000000182e+02 -4.646999999999999886e+01 0.000000000000000000e+00
7.026150000000000091e+02 -4.664999999999999858e+01 0.000000000000000000e+00
7.028750000000000000e+02 -4.686999999999999744e+01 0.000000000000000000e+00
7.031340000000000146e+02 -4.709000000000000341e+01 0.000000000000000000e+00
7.033940000000000055e+02 -4.731000000000000227e+01 0.000000000000000000e+00
7.036530000000000200e+02 -4.752000000000000313e+01 0.000000000000000000e+00
7.039130000000000109e+02 -4.763000000000000256e+01 0.000000000000000000e+00
7.041720000000000255e+02 -4.788000000000000256e+01 0.000000000000000000e+00
7.044320000000000164e+02 -4.810999999999999943e+01 0.000000000000000000e+00
7.046910000000000309e+02 -4.832999999999999829e+01 0.000000000000000000e+00
7.049510000000000218e+02 -4.846000000000000085e+01 0.000000000000000000e+00
7.052100000000000364e+02 -4.863000000000000256e+01 0.000000000000000000e+00
7.054700000000000273e+02 -4.878999999999999915e+01 0.000000000000000000e+00
7.057290000000000418e+02 -4.899000000000000199e+01 0.000000000000000000e+00
7.059890000000000327e+02 -4.907999999999999829e+01 0.000000000000000000e+00
7.062480000000000473e+02 -4.925000000000000000e+01 0.000000000000000000e+00
7.065080000000000382e+02 -4.940999999999999659e+01 0.000000000000000000e+00
7.067670000000000528e+02 -4.963000000000000256e+01 0.000000000000000000e+00
7.070270000000000437e+02 -4.975000000000000000e+01 0.000000000000000000e+00
7.072859999999999445e+02 -4.990999999999999659e+01 0.000000000000000000e+00
7.075460000000000491e+02 -5.006000000000000227e+01 0.000000000000000000e+00
7.078049999999999500e+02 -5.027000000000000313e+01 0.000000000000000000e+00
7.080650000000000546e+02 -5.040999999999999659e+01 0.000000000000000000e+00
7.083239999999999554e+02 -5.054999999999999716e+01 0.000000000000000000e+00
7.085839999999999463e+02 -5.071999999999999886e+01 0.000000000000000000e+00
7.088429999999999609e+02 -5.090999999999999659e+01 0.000000000000000000e+00
7.091029999999999518e+02 -5.109000000000000341e+01 0.000000000000000000e+00
7.093619999999999663e+02 -5.113000000000000256e+01 0.000000000000000000e+00
7.096219999999999573e+02 -5.131000000000000227e+01 0.000000000000000000e+00
7.098809999999999718e+02 -5.154999999999999716e+01 0.000000000000000000e+00
7.101409999999999627e+02 -5.160000000000000142e+01 0.000000000000000000e+00
7.104009999999999536e+02 -5.172999999999999687e+01 0.000000000000000000e+00
7.106599999999999682e+02 -5.207000000000000028e+01 0.000000000000000000e+00
7.109199999999999591e+02 -5.211999999999999744e+01 0.000000000000000000e+00
7.111789999999999736e+02 -5.236999999999999744e+01 0.000000000000000000e+00
7.114389999999999645e+02 -5.239000000000000057e+01 0.000000000000000000e+00
7.116979999999999791e+02 -5.253000000000000114e+01 0.000000000000000000e+00
7.119579999999999700e+02 -5.282999999999999829e+01 0.000000000000000000e+00
7.122169999999999845e+02 -5.300999999999999801e+01 0.000000000000000000e+00
7.124769999999999754e+02 -5.307000000000000028e+01 0.000000000000000000e+00
7.127359999999999900e+02 -5.311999999999999744e+01 0.000000000000000000e+00
7.129959999999999809e+02 -5.338000000000000256e+01 0.000000000000000000e+00
7.132549999999999955e+02 -5.370000000000000284e+01 0.000000000000000000e+00
7.135149999999999864e+02 -5.363000000000000256e+01 0.000000000000000000e+00
7.137740000000000009e+02 -5.381000000000000227e+01 0.000000000000000000e+00
7.140339999999999918e+02 -5.414000000000000057e+01 0.000000000000000000e+00
7.142930000000000064e+02 -5.424000000000000199e+01 0.000000000000000000e+00
7.145529999999999973e+02 -5.457999999999999829e+01 0.000000000000000000e+00
7.148120000000000118e+02 -5.463000000000000256e+01 0.000000000000000000e+00
7.150720000000000027e+02 -5.461999999999999744e+01 0.000000000000000000e+00
7.153310000000000173e+02 -5.510000000000000142e+01 0.000000000000000000e+00
7.155910000000000082e+02 -5.518999999999999773e+01 0.000000000000000000e+00
7.158500000000000227e+02 -5.517000000000000171e+01 0.000000000000000000e+00
7.161100000000000136e+02 -5.536999999999999744e+01 0.000000000000000000e+00
7.163690000000000282e+02 -5.546999999999999886e+01 0.000000000000000000e+00
7.166290000000000191e+02 -5.567999999999999972e+01 0.000000000000000000e+00
7.168880000000000337e+02 -5.597999999999999687e+01 0.000000000000000000e+00
7.171480000000000246e+02 -5.572999999999999687e+01 0.000000000000000000e+00
7.174080000000000155e+02 -5.611999999999999744e+01 0.000000000000000000e+00
7.176670000000000300e+02 -5.628999999999999915e+01 0.000000000000000000e+00
7.179270000000000209e+02 -5.628999999999999915e+01 0.000000000000000000e+00
7.181860000000000355e+02 -5.646000000000000085e+01 0.000000000000000000e+00
7.184460000000000264e+02 -5.663000000000000256e+01 0.000000000000000000e+00
7.187050000000000409e+02 -5.677000000000000313e+01 0.000000000000000000e+00
7.189650000000000318e+02 -5.696999999999999886e+01 0.000000000000000000e+00
7.192240000000000464e+02 -5.725999999999999801e+01 0.000000000000000000e+00
7.194840000000000373e+02 -5.704999999999999716e+01 0.000000000000000000e+00
7.197430000000000518e+02 -5.736999999999999744e+01 0.000000000000000000e+00
7.200030000000000427e+02 -5.761999999999999744e+01 0.000000000000000000e+00
7.202619999999999436e+02 -5.775000000000000000e+01 0.000000000000000000e+00
7.205220000000000482e+02 -5.753000000000000114e+01 0.000000000000000000e+00
7.207809999999999491e+02 -5.815999999999999659e+01 0.000000000000000000e+00
7.210410000000000537e+02 -5.784000000000000341e+01 0.000000000000000000e+00
7.212999999999999545e+02 -5.832000000000000028e+01 0.000000000000000000e+00
7.215599999999999454e+02 -5.825000000000000000e+01 0.000000000000000000e+00
7.218189999999999600e+02 -5.807000000000000028e+01 0.000000000000000000e+00
7.220789999999999509e+02 -5.854999999999999716e+01 0.000000000000000000e+00
7.223379999999999654e+02 -5.877000000000000313e+01 0.000000000000000000e+00
7.225979999999999563e+02 -5.932999999999999829e+01 0.000000000000000000e+00
7.228569999999999709e+02 -5.903000000000000114e+01 0.000000000000000000e+00
7.231169999999999618e+02 -5.925999999999999801e+01 0.000000000000000000e+00
7.233759999999999764e+02 -5.907000000000000028e+01 0.000000000000000000e+00
7.236359999999999673e+02 -5.936999999999999744e+01 0.000000000000000000e+00
7.238949999999999818e+02 -5.932000000000000028e+01 0.000000000000000000e+00
7.241549999999999727e+02 -6.050999999999999801e+01 0.000000000000000000e+00
7.244139999999999873e+02 -5.972999999999999687e+01 0.000000000000000000e+00
7.246739999999999782e+02 -5.992000000000000171e+01 0.000000000000000000e+00
7.249339999999999691e+02 -6.009000000000000341e+01 0.000000000000000000e+00
7.251929999999999836e+02 -6.063000000000000256e+01 0.000000000000000000e+00
7.254529999999999745e+02 -6.036999999999999744e+01 0.000000000000000000e+00
7.257119999999999891e+02 -6.067999999999999972e+01 0.000000000000000000e+00
7.259719999999999800e+02 -6.092999999999999972e+01 0.000000000000000000e+00
7.262309999999999945e+02 -6.082999999999999829e+01 0.000000000000000000e+00
7.264909999999999854e+02 -6.093999999999999773e+01 0.000000000000000000e+00
7.267500000000000000e+02 -6.060999999999999943e+01 0.000000000000000000e+00
7.270099999999999909e+02 -6.074000000000000199e+01 0.000000000000000000e+00
7.272690000000000055e+02 -6.121999999999999886e+01 0.000000000000000000e+00
7.275289999999999964e+02 -6.138000000000000256e+01 0.000000000000000000e+00
7.277880000000000109e+02 -6.096000000000000085e+01 0.000000000000000000e+00
7.280480000000000018e+02 -6.182999999999999829e+01 0.000000000000000000e+00
7.283070000000000164e+02 -6.167999999999999972e+01 0.000000000000000000e+00
7.285670000000000073e+02 -6.260000000000000142e+01 0.000000000000000000e+00
7.288260000000000218e+02 -6.168999999999999773e+01 0.000000000000000000e+00
7.290860000000000127e+02 -6.178000000000000114e+01 0.000000000000000000e+00
7.293450000000000273e+02 -6.213000000000000256e+01 0.000000000000000000e+00
7.296050000000000182e+02 -6.286999999999999744e+01 0.000000000000000000e+00
7.298640000000000327e+02 -6.331000000000000227e+01 0.000000000000000000e+00
7.301240000000000236e+02 -6.406000000000000227e+01 0.000000000000000000e+00
7.303830000000000382e+02 -6.209000000000000341e+01 0.000000000000000000e+00
7.306430000000000291e+02 -6.217000000000000171e+01 0.000000000000000000e+00
7.309020000000000437e+02 -6.250000000000000000e+01 0.000000000000000000e+00
7.311620000000000346e+02 -6.318999999999999773e+01 0.000000000000000000e+00
7.314210000000000491e+02 -6.275999999999999801e+01 0.000000000000000000e+00
7.316810000000000400e+02 -6.439000000000000057e+01 0.000000000000000000e+00
7.319400000000000546e+02 -6.371999999999999886e+01 0.000000000000000000e+00
7.322000000000000455e+02 -6.476999999999999602e+01 0.000000000000000000e+00
7.324600000000000364e+02 -6.525000000000000000e+01 0.000000000000000000e+00
7.327190000000000509e+02 -6.400000000000000000e+01 0.000000000000000000e+00
7.329790000000000418e+02 -6.371000000000000085e+01 0.000000000000000000e+00
7.332380000000000564e+02 -6.492000000000000171e+01 0.000000000000000000e+00
7.334980000000000473e+02 -6.568999999999999773e+01 0.000000000000000000e+00
7.337569999999999482e+02 -6.496999999999999886e+01 0.000000000000000000e+00
7.340170000000000528e+02 -6.507999999999999829e+01 0.000000000000000000e+00
7.342759999999999536e+02 -6.454999999999999716e+01 0.000000000000000000e+00
7.345359999999999445e+02 -6.534999999999999432e+01 0.000000000000000000e+00
7.347949999999999591e+02 -6.673000000000000398e+01 0.000000000000000000e+00
7.350549999999999500e+02 -6.643999999999999773e+01 0.000000000000000000e+00
7.353139999999999645e+02 -6.592000000000000171e+01 0.000000000000000000e+00
7.355739999999999554e+02 -6.598999999999999488e+01 0.000000000000000000e+00
7.358329999999999700e+02 -6.551000000000000512e+01 0.000000000000000000e+00
7.360929999999999609e+02 -6.673000000000000398e+01 0.000000000000000000e+00
7.363519999999999754e+02 -6.681000000000000227e+01 0.000000000000000000e+00
7.366119999999999663e+02 -6.484000000000000341e+01 0.000000000000000000e+00
7.368709999999999809e+02 -6.853000000000000114e+01 0.000000000000000000e+00
7.371309999999999718e+02 -6.651999999999999602e+01 0.000000000000000000e+00
7.373899999999999864e+02 -6.545999999999999375e+01 0.000000000000000000e+00
7.376499999999999773e+02 -6.573000000000000398e+01 0.000000000000000000e+00
7.379089999999999918e+02 -6.615000000000000568e+01 0.000000000000000000e+00
7.381689999999999827e+02 -6.715999999999999659e+01 0.000000000000000000e+00
7.384279999999999973e+02 -6.625000000000000000e+01 0.000000000000000000e+00
7.386879999999999882e+02 -6.568000000000000682e+01 0.000000000000000000e+00
7.389470000000000027e+02 -6.729999999999999716e+01 0.000000000000000000e+00
7.392069999999999936e+02 -6.846999999999999886e+01 0.000000000000000000e+00
7.394669999999999845e+02 -6.784000000000000341e+01 0.000000000000000000e+00
7.397259999999999991e+02 -6.948000000000000398e+01 0.000000000000000000e+00
7.399859999999999900e+02 -6.890000000000000568e+01 0.000000000000000000e+00
7.402450000000000045e+02 -6.768999999999999773e+01 0.000000000000000000e+00
7.405049999999999955e+02 -6.912999999999999545e+01 0.000000000000000000e+00
7.407640000000000100e+02 -7.054999999999999716e+01 0.000000000000000000e+00
7.410240000000000009e+02 -6.653000000000000114e+01 0.000000000000000000e+00
7.412830000000000155e+02 -6.962000000000000455e+01 0.000000000000000000e+00
7.415430000000000064e+02 -7.048000000000000398e+01 0.000000000000000000e+00
7.418020000000000209e+02 -6.578000000000000114e+01 0.000000000000000000e+00
7.420620000000000118e+02 -6.601999999999999602e+01 0.000000000000000000e+00
7.423210000000000264e+02 -6.659999999999999432e+01 0.000000000000000000e+00
7.425810000000000173e+02 -7.007999999999999829e+01 0.000000000000000000e+00
7.428400000000000318e+02 -6.637999999999999545e+01 0.000000000000000000e+00
7.431000000000000227e+02 -6.607999999999999829e+01 0.000000000000000000e+00
7.433590000000000373e+02 -6.731000000000000227e+01 0.000000000000000000e+00
7.436190000000000282e+02 -6.806999999999999318e+01 0.000000000000000000e+00
7.438780000000000427e+02 -6.781000000000000227e+01 0.000000000000000000e+00
7.441380000000000337e+02 -7.332999999999999829e+01 0.000000000000000000e+00
7.443970000000000482e+02 -7.085999999999999943e+01 0.000000000000000000e+00
7.446570000000000391e+02 -6.895000000000000284e+01 0.000000000000000000e+00
7.449160000000000537e+02 -6.840000000000000568e+01 0.000000000000000000e+00
7.451760000000000446e+02 -6.865000000000000568e+01 0.000000000000000000e+00
7.454349999999999454e+02 -6.853000000000000114e+01 0.000000000000000000e+00
7.456950000000000500e+02 -7.098000000000000398e+01 0.000000000000000000e+00
7.459539999999999509e+02 -7.190000000000000568e+01 0.000000000000000000e+00
7.462140000000000555e+02 -6.935999999999999943e+01 0.000000000000000000e+00
7.464729999999999563e+02 -7.146999999999999886e+01 0.000000000000000000e+00
7.467329999999999472e+02 -6.698000000000000398e+01 0.000000000000000000e+00
7.469930000000000518e+02 -7.057999999999999829e+01 0.000000000000000000e+00
7.472519999999999527e+02 -7.015000000000000568e+01 0.000000000000000000e+00
7.475119999999999436e+02 -7.114000000000000057e+01 0.000000000000000000e+00
7.477709999999999582e+02 -6.653000000000000114e+01 0.000000000000000000e+00
7.480309999999999491e+02 -7.176999999999999602e+01 0.000000000000000000e+00
7.482899999999999636e+02 -7.421999999999999886e+01 0.000000000000000000e+00
7.485499999999999545e+02 -6.948000000000000398e+01 0.000000000000000000e+00
7.488089999999999691e+02 -6.968000000000000682e+01 0.000000000000000000e+00
7.490689999999999600e+02 -8.000000000000000000e+01 0.000000000000000000e+00
7.493279999999999745e+02 -6.982999999999999829e+01 0.000000000000000000e+00
7.495879999999999654e+02 -7.118999999999999773e+01 0.000000000000000000e+00
